[gd_scene load_steps=10 format=2]

[ext_resource path="res://Level.gd" type="Script" id=1]
[ext_resource path="res://KinematicBody.gd" type="Script" id=2]

[sub_resource type="CubeMesh" id=1]
size = Vector3( 60, 2, 60 )

[sub_resource type="BoxShape" id=2]
extents = Vector3( 30, 1, 30 )

[sub_resource type="SpatialMaterial" id=5]
albedo_color = Color( 0.976471, 0.00392157, 0.00392157, 1 )

[sub_resource type="CubeMesh" id=3]
material = SubResource( 5 )

[sub_resource type="BoxShape" id=4]

[sub_resource type="CubeMesh" id=6]
size = Vector3( 60, 2, 2 )

[sub_resource type="BoxShape" id=7]
extents = Vector3( 30, 1, 1 )

[node name="Level" type="Spatial"]
script = ExtResource( 1 )

[node name="Floor" type="StaticBody" parent="."]

[node name="MeshInstance" type="MeshInstance" parent="Floor"]
mesh = SubResource( 1 )
material/0 = null

[node name="CollisionShape" type="CollisionShape" parent="Floor"]
shape = SubResource( 2 )

[node name="Box" type="RigidBody" parent="."]
transform = Transform( 0.786137, -0.618052, 0, 0.618052, 0.786137, 0, 0, 0, 1, 0, 15.6491, 0 )

[node name="MeshInstance" type="MeshInstance" parent="Box"]
mesh = SubResource( 3 )
material/0 = null

[node name="CollisionShape" type="CollisionShape" parent="Box"]
transform = Transform( 0.943989, -0.0712442, -0.322195, -0.0712442, 0.90938, -0.409819, 0.322195, 0.409819, 0.853369, 0, 0, 0 )
shape = SubResource( 4 )

[node name="Camera" type="Camera" parent="."]
transform = Transform( 1, 0, 0, 0, 0.823087, 0.567916, 0, -0.567916, 0.823087, 0, 26.6681, 56.8043 )

[node name="KinematicBody" type="KinematicBody" parent="."]
transform = Transform( 1, 0, 0, 0, 1, 0, 0, 0, 1, 0, 2, 0 )
script = ExtResource( 2 )

[node name="MeshInstance" type="MeshInstance" parent="KinematicBody"]
mesh = SubResource( 6 )
material/0 = null

[node name="CollisionShape" type="CollisionShape" parent="KinematicBody"]
shape = SubResource( 7 )
